2.099342830602246579e-02
1.972347139765763188e-02
2.129537707620138623e-02
2.304605971281604992e-02
1.953169325055332736e-02
1.953172608610163896e-02
2.315842563101478194e-02
2.153486945830581853e-02
1.906105122813009714e-02
2.108512008717192826e-02
1.907316461437507521e-02
1.906854049285948774e-02
2.048392454313206767e-02
1.617343951068440575e-02
1.655016433497393663e-02
1.887542494151805625e-02
1.797433775933115346e-02
2.062849466519054917e-02
1.818395184895757813e-02
1.717539259732941623e-02
2.293129753784310665e-02
1.954844739902692960e-02
2.013505640937584759e-02
1.715050362757308822e-02
1.891123455094963560e-02
2.022184517941973125e-02
1.769801284515539613e-02
2.075139603669134275e-02
1.879872262016239054e-02
1.941661250041344655e-02
1.879658677554120472e-02
2.370455636901787691e-02
1.997300555052413176e-02
1.788457814208820051e-02
2.164508982420637953e-02
1.755831270005795558e-02
2.041772719000951170e-02
1.608065975224044764e-02
1.734362790220313894e-02
2.039372247173824870e-02
2.147693315999082281e-02
2.034273656237994138e-02
1.976870343522351900e-02
1.939779260882142434e-02
1.704295601926514650e-02
1.856031158321058347e-02
1.907872245808042710e-02
2.211424445243783191e-02
2.068723657913692365e-02
1.647391968927453335e-02
2.064816793878958973e-02
1.922983543916736635e-02
1.864615599938808377e-02
2.122335257768173666e-02
2.206199904499190137e-02
2.186256023823239872e-02
1.832156495355472328e-02
1.938157524829757158e-02
2.066252686280712833e-02
2.195109025424471852e-02
1.904165152430942198e-02
1.962868204667236535e-02
1.778733005198794570e-02
1.760758675183865876e-02
2.162505164478839559e-02
2.271248005714164575e-02
1.985597975683933356e-02
2.200706579578404903e-02
2.072327205009526913e-02
1.870976049078975148e-02
2.072279121101682983e-02
2.307607313293193879e-02
1.992834792178009573e-02
2.312928731162801343e-02
1.476050979182051172e-02
2.164380500875044688e-02
2.017409413647634417e-02
1.940198529906826674e-02
2.018352155307100507e-02
1.602486217079821668e-02
1.956065622432497791e-02
2.071422514302349166e-02
2.295578808948303337e-02
1.896345956345270659e-02
1.838301279421362608e-02
1.899648591283092589e-02
2.183080423540414983e-02
2.065750221931936942e-02
1.894047959246592319e-02
2.102653486622671139e-02
2.019415509869608091e-02
2.193728998106577940e-02
1.859589381224529409e-02
1.934467570680446433e-02
1.921578369373568365e-02
1.707297010373576285e-02
2.059224055412915352e-02
2.052211054435977913e-02
2.001022691328492240e-02
1.953082573324970567e-02
1.716925851589917035e-02
1.915870935446928325e-02
1.931457096694646006e-02
1.839544546155676141e-02
1.967742857666798101e-02
2.080810171362907843e-02
2.377237180242106063e-02
2.034915562566367783e-02
2.051510078144552773e-02
1.985110816846766615e-02
1.616245756940191611e-02
1.994697224910156608e-02
2.012046041988205247e-02
2.492648422497057217e-02
1.961527807043775620e-02
2.060309468466722457e-02
1.993057646058951290e-02
1.766264392476093667e-02
2.228564562903004309e-02
2.150386606537355028e-02
2.158206389408609538e-02
1.818122509041052159e-02
2.280558862187219774e-02
1.719629787441543864e-02
2.117371418760054247e-02
2.438091125161995915e-02
1.801892734973862403e-02
1.886740454079445517e-02
2.019930273017528366e-02
1.899304869176760349e-02
1.689867313786773406e-02
2.013712594961205443e-02
1.787539257254779079e-02
2.094718486127036469e-02
1.816115153153239486e-02
2.309986881003507977e-02
1.843349341532752456e-02
1.935587696758864912e-02
2.162703443473933812e-02
1.753827136713208973e-02
2.045491986920825941e-02
2.261428550856485475e-02
1.678503353087754460e-02
2.036926771706460901e-02
2.051976558849684731e-02
2.156364574355461999e-02
1.752609857824383513e-02
1.735908677383144610e-02
2.104388313123379400e-02
2.059396934646637312e-02
2.050098570069175397e-02
2.069289641899395293e-02
1.863995055684301849e-02
2.046450739432200891e-02
2.058614494659736366e-02
1.857129716394726598e-02
2.373154902228951507e-02
2.094766584182357685e-02
1.761739300559470381e-02
2.131310721726766000e-02
1.805063665954535768e-02
2.157416920748490494e-02
2.231719115801480968e-02
1.835863536329657847e-02
2.192675225848864443e-02
2.082556185387299599e-02
2.164412031998897909e-02
2.379358596530789516e-02
1.950922376799426108e-02
1.849252767128502228e-02
1.822097114074895316e-02
1.836837943006912333e-02
1.984579658117179360e-02
2.068230394963328778e-02
2.055338159866003725e-02
2.165436649807204669e-02
2.002600378375581427e-02
2.290706815431463317e-02
1.947068633352408776e-02
2.544033833317923751e-02
2.125133469553001225e-02
1.828568488716743670e-02
1.785821500387777677e-02
2.096494483048636989e-02
1.955307442934830012e-02
2.142800098818418292e-02
2.094647524914709097e-02
1.985434217468625556e-02
1.830641256386318985e-02
1.697030555062827017e-02
1.910697009586595843e-02
2.171279758864694612e-02
2.042818748826040823e-02
1.750852244257602303e-02
2.034636185170236519e-02
2.077063475945767346e-02
1.823228512759773531e-02
2.030745021189105798e-02
2.011641743689199929e-02
1.771405940433875420e-02
2.071557472069656541e-02
2.112156905273646773e-02
2.216610248635055361e-02
2.210760410406980778e-02
1.724466126408581712e-02
1.812434992016975430e-02
2.103007053441732083e-02
2.102757190182441907e-02
2.103009537261209608e-02
2.770546298130944357e-02
2.114178102138633553e-02
2.227113128036119910e-02
2.190800352698640471e-02
2.130278250261159745e-02
1.936946151071930813e-02
2.151793844098653583e-02
1.845434957092485784e-02
1.952636278651998306e-02
1.902927290434179228e-02
2.016374827877264603e-02
2.462931713334701872e-02
1.626546961481650441e-02
2.137252038074902855e-02
1.677456825762069573e-02
1.905613626842113384e-02
2.217790119393473272e-02
2.012856003819092632e-02
1.784451044414138779e-02
1.856939258148006255e-02
2.135919549786935087e-02
1.853926673656572724e-02
2.043291717916394939e-02
2.009114367980762914e-02
1.869679930478836474e-02
2.428788817865065036e-02
2.126783804463602129e-02
1.594971482668478685e-02
2.037290862953885714e-02
1.867642707046322445e-02
2.170486666959244720e-02
1.841495852313460024e-02
1.977052711706620350e-02
2.100997455796091429e-02
2.173151038834024440e-02
1.759940718588844794e-02
1.933099752831810361e-02
1.905010937767808929e-02
1.869334153485257763e-02
2.353090848056219389e-02
2.080996342192191137e-02
1.747823209132990871e-02
2.183572389410955161e-02
2.424431239402526778e-02
2.206493052110229322e-02
1.696126006809197534e-02
1.903153185426749786e-02
2.253382229837324474e-02
1.858466106876243903e-02
2.088763885629245712e-02
2.154926810685867458e-02
1.814613905684383383e-02
1.988094928787640173e-02
1.351746531986185509e-02
1.795122471733142169e-02
1.949486369721368031e-02
1.750443363607030040e-02
2.326482260786327111e-02
1.713971724407873515e-02
1.911991102660603320e-02
2.026148115457218277e-02
2.288254657813223319e-02
1.712827569764112032e-02
2.232632750430992019e-02
2.002046612203917456e-02
1.803698269790409911e-02
2.092420694852654278e-02
2.039811939114694050e-02
1.879956624568241211e-02
2.013960416998003891e-02
1.922937280627648113e-02
2.022703469050249683e-02
2.132426134904209444e-02
2.317203363229070404e-02
1.752436900234630168e-02
2.426606674931253496e-02
1.609582440095499653e-02
1.969642980992883374e-02
2.117663441296915167e-02
2.056198373547006575e-02
1.875460096035881305e-02
1.958375549928545109e-02
1.901399813068233371e-02
1.882127048611157566e-02
2.169920419404204950e-02
2.071403097193009676e-02
1.861418080947869341e-02
2.179919975086650266e-02
2.061459904175321975e-02
2.162572423767792143e-02
2.125925768384722553e-02
1.834200997815585432e-02
1.887963791960606263e-02
2.149458721024652408e-02
2.122074053086692863e-02
1.995819681207170251e-02
2.023465476661756579e-02
2.255532979157685164e-02
1.881685722232833910e-02
2.109419476234007662e-02
1.959561469513221299e-02
1.956463759354555923e-02
2.219755370397438060e-02
2.165083269797606069e-02
2.162701927200127647e-02
2.261095761430866047e-02
2.004200768326551765e-02
2.136390594258992873e-02
1.937946648681308781e-02
2.064833270497688431e-02
1.973971389126463055e-02
2.019399192998543729e-02
2.119031405087382774e-02
1.836355863353305445e-02
2.418477455137092030e-02
1.798796523700059782e-02
1.757162277442453693e-02
2.231622174700013603e-02
2.158332538792587241e-02
2.124823963410430935e-02
2.125669101852856180e-02
1.997550645430616958e-02
1.820549125702833684e-02
2.015160911638745264e-02
1.864567657697577610e-02
2.195023946683550414e-02
1.970588523699572450e-02
1.834900560641497883e-02
1.935722831669401192e-02
2.082586290855124866e-02
1.887255089439205183e-02
1.835555920886713932e-02
2.048737442298382422e-02
2.048993314221744452e-02
1.898611364925774023e-02
1.905792338876335576e-02
2.046409987471527192e-02
1.710383131700535242e-02
1.718507245124688970e-02
1.856311155749512665e-02
1.957310569657630742e-02
2.062181513119601059e-02
2.295071243389910573e-02
2.171531924640403982e-02
1.968012294007314561e-02
1.996196758419462383e-02
1.799494127072438082e-02
1.996297372801521947e-02
1.942268272215972452e-02
2.064543712067617998e-02
1.834553811289535430e-02
2.103869302848234563e-02
2.306547782600515406e-02
1.978247970308628575e-02
2.080342344419788478e-02
2.138028798342222689e-02
1.919755905622832701e-02
2.044818496362083363e-02
2.002518480156359124e-02
2.019535219709766433e-02
1.845398043228906743e-02
2.004902034851788542e-02
2.099599658249089867e-02
2.290228721559008432e-02
2.191854165217041461e-02
2.430636491502311328e-02
1.846530487422389996e-02
2.174464127344135495e-02
2.036668401147670449e-02
2.437960586643534572e-02
1.838340342928969709e-02
1.832055631563844766e-02
1.880121470911195677e-02
1.575220855138038598e-02
1.894848995663847915e-02
1.848173467689260413e-02
2.030078757295241537e-02
2.068351195155431962e-02
2.375234167843177230e-02
2.190084767637210175e-02
1.884619268867519445e-02
1.820317065730328587e-02
2.098383834301301154e-02
1.735953358595871548e-02
2.366291753170870690e-02
2.235888024144257538e-02
1.906164869579059229e-02
1.657373094181824671e-02
2.270774474833082632e-02
1.977092030949476401e-02
2.247563262394692424e-02
1.681114468241126647e-02
1.880124995409245339e-02
2.001048739943636634e-02
2.009396118752948546e-02
1.909986905704151236e-02
2.124569986469499946e-02
1.786475914123481293e-02
1.971524102995741295e-02
2.024059126342379888e-02
2.102887766811750020e-02
2.142322975617777861e-02
1.775071581632426190e-02
1.693177165852875754e-02
2.255535364379701938e-02
2.066462802395918272e-02
1.850302692688689243e-02
2.310230395104504592e-02
2.023134926858571880e-02
2.235859436812765236e-02
2.013503696282021790e-02
2.412149584976397421e-02
2.351068168488641003e-02
1.950207170304185320e-02
2.194314190190871025e-02
2.129075189917029737e-02
2.273726311506469797e-02
1.807015307883979086e-02
2.137210291999687775e-02
2.211684897369917482e-02
1.648252102715377226e-02
1.763348297466844905e-02
1.592153564447979994e-02
1.946118633111088361e-02
2.143508451159192515e-02
2.300471410419205678e-02
2.014818956083955226e-02
2.325723109114258280e-02
1.723979708357021787e-02
1.659323512128969141e-02
1.988890460220676254e-02
2.076813089787861444e-02
1.993461050381181363e-02
1.586511579992024717e-02
1.982175992097442302e-02
1.739106099899029312e-02
2.133934509766007709e-02
2.073319649219369787e-02
1.812024042734529036e-02
1.897226616532661503e-02
1.788157295622209639e-02
1.987464180545365708e-02
2.191028464100247541e-02
1.802854790732891233e-02
2.100809303103568990e-02
1.893948476325511832e-02
1.841425433547531215e-02
1.978593928009088343e-02
1.792951535516125114e-02
1.889270138930563767e-02
1.760424421482230384e-02
2.392945026583277734e-02
2.007052710394345921e-02
1.860054898401482942e-02
2.042795982146844436e-02
1.977534390061834110e-02
1.955806080093355423e-02
2.122833340008685107e-02
2.151501542009461032e-02
1.893899770477894609e-02
1.884836351871064034e-02
1.944989660569671278e-02
1.539615767052883097e-02
1.696961787560289509e-02
2.273374853488905126e-02
2.328993542700256644e-02
1.950192792088724369e-02
2.115311392611153238e-02
2.062250030908707385e-02
2.615776161691047569e-02
2.223914982286915448e-02
1.974416481703846621e-02
1.808891911879914952e-02
1.678710735948485411e-02
2.040692727173444576e-02
1.848729850943139214e-02
1.715549258080465225e-02
1.870685423151494803e-02
1.783690399277121016e-02
2.337428327014513113e-02
2.176327951389890256e-02
1.998405471736676431e-02
2.295988827778005364e-02
2.015473661529523786e-02
1.827743159734347353e-02
2.304624815453931372e-02
2.107782008736931723e-02
1.792550769134708746e-02
1.961932264383278376e-02
1.824876349323048541e-02
1.723440053807132749e-02
2.185235509506328402e-02
2.381883328094026170e-02
1.720286485236171767e-02
2.112593847338114367e-02
1.869871486175634506e-02
1.902574923247060679e-02
1.881521215152226131e-02
1.827201846064036711e-02
2.009704325588965515e-02
1.833809976717792542e-02
2.054091365155967866e-02
1.989952378110172726e-02
1.952210390626718181e-02
1.818487267591680639e-02
1.884645733886333371e-02
2.151078245165151392e-02
2.100183437524876309e-02
1.804488951040289849e-02
2.019866461085845222e-02
2.150277424674357923e-02
1.666118943775725739e-02
2.108672038475986957e-02
1.867475248210830746e-02
2.114119733718631752e-02
1.847348168691496581e-02
1.639023579867096223e-02
1.674491512423367454e-02
2.009616989332276352e-02
2.051944500344296540e-02
1.819136674979118448e-02
2.127718491755474853e-02
1.667695987546207945e-02
1.986784040270536678e-02
1.757796760047508622e-02
1.869632778439568252e-02
2.009479734263282941e-02
1.827917326943209742e-02
1.923088891154034821e-02
2.201258561842888220e-02
1.884621626095370206e-02
2.167138422413028565e-02
1.774058629068476362e-02
2.105960835583056689e-02
2.288313724131580199e-02
1.505671099974542279e-02
1.840620948905904650e-02
2.115414425436108053e-02
1.959390922791401368e-02
2.074229174674261864e-02
1.879202962656835799e-02
2.017317957494579872e-02
1.968864552921584243e-02
2.233556412331961366e-02
2.050884168660242757e-02
2.067520532415040302e-02
1.917624606775506640e-02
1.902478755185501441e-02
1.913488362436075937e-02
2.078890428475659372e-02
1.915803103835947430e-02
2.057954971379282599e-02
2.415080159729087600e-02
2.174224940686338495e-02
1.934795293566431845e-02
2.240242784432789139e-02
1.918384925395689652e-02
1.592375092964429251e-02
1.798382737816519097e-02
1.625841615794828762e-02
1.929697303191738392e-02
2.003683675837910488e-02
2.335287462455056667e-02
2.065385474752832670e-02
1.956179894238227121e-02
2.165881116236697754e-02
1.557772938198423093e-02
2.047122911621713365e-02
2.154173038777393301e-02
1.704282750844031760e-02
2.228750808641385972e-02
2.067699281498882810e-02
1.916942417219839878e-02
2.126556373221256957e-02
2.454138571560879334e-02
2.036373251011698929e-02
2.049644117260067400e-02
1.908127820091951379e-02
1.830031126107041495e-02
2.166067163308849075e-02
1.828783234818226466e-02
2.014313247443878449e-02
1.904468510646976573e-02
2.095795965149278503e-02
2.066732421057389593e-02
2.207507988851580005e-02
1.897996720229050763e-02
1.946025012941325627e-02
1.804247256843538594e-02
1.911141347984777680e-02
2.075460098608970447e-02
2.151397723329070283e-02
1.815566935164475079e-02
2.173921184021132200e-02
2.271127571760990158e-02
2.082686980644740324e-02
2.375359162511613345e-02
1.845242160179285523e-02
1.751069059337716574e-02
1.644255950219144363e-02
2.299208862297836761e-02
2.130873131270811724e-02
1.988883065817909079e-02
2.055993725263964220e-02
1.774902190540324914e-02
2.489150395923365316e-02
2.025844236395045461e-02
2.021878958920978603e-02
2.145153324779738510e-02
2.096201846347342523e-02
2.044776804855826316e-02
1.841905108910937838e-02
2.094293671427199105e-02
2.376404899295006881e-02
2.269084009230995513e-02
2.318637325327879348e-02
1.897756864713762842e-02
1.802079035948283767e-02
1.974842615980070340e-02
2.011144982457738900e-02
2.218838303694189648e-02
1.661507074057036112e-02
2.305910063892122747e-02
1.968398420284202255e-02
1.914623786010516068e-02
1.797579124947966400e-02
1.669028665626846181e-02
2.164634116792383059e-02
2.014663593437680811e-02
1.742007820051789252e-02
1.740984245587276838e-02
1.932843060141974448e-02
2.333804305057878697e-02
1.948081729727279068e-02
1.699371409376378844e-02
1.950851387182811134e-02
1.945455286050466054e-02
1.460622671411685586e-02
1.989141026696437595e-02
1.953813093958264510e-02
2.139241272962683765e-02
2.369791218989069151e-02
2.225313005909551611e-02
1.946222261889033953e-02
1.778694818251665838e-02
2.514671960649972338e-02
2.011843686802897851e-02
2.002785858382589296e-02
1.995174982577999426e-02
2.039616952153570917e-02
1.971127917615211542e-02
1.885267598623952684e-02
1.890628211751921653e-02
1.993449345956800275e-02
1.891315045773247008e-02
1.857430843464567133e-02
2.021286045538379580e-02
1.949004556515828920e-02
2.300798597716537802e-02
1.469806038321397682e-02
2.218301370384492474e-02
2.249217038499525673e-02
1.585321953518370117e-02
1.931462481183930310e-02
1.925711826800841769e-02
1.718497661056435713e-02
1.844436662481824946e-02
1.777884830906834371e-02
2.350454088684724580e-02
2.187135678629492305e-02
2.254311018998831836e-02
2.144334412808647158e-02
1.774189645756554107e-02
1.895095946744045426e-02
2.097874912245583506e-02
1.755574438221611105e-02
2.142599686034477730e-02
1.951934920368373141e-02
1.925035838490080434e-02
2.142191993640698428e-02
2.088852662297208118e-02
1.927806766836184099e-02
2.231865960672849841e-02
1.783787334480020637e-02
2.123187121388852780e-02
2.118620251593676673e-02
1.938090712137201937e-02
2.065226604448423472e-02
1.749777284722939252e-02
2.184805403841380209e-02
1.963019572711402136e-02
1.895455395896192274e-02
2.209801845167377876e-02
1.859131261891448089e-02
1.718307740727288008e-02
1.688674165295219257e-02
2.121201990269128146e-02
1.743914129500743343e-02
2.350958836396872809e-02
1.583614118423255779e-02
2.339291273658007653e-02
2.042203493440523585e-02
1.980657377625921409e-02
1.891016182638209989e-02
2.079827222870414202e-02
1.992473059515030218e-02
2.220660376403304354e-02
2.022845529732408137e-02
2.030060352292375678e-02
1.927277557557229015e-02
1.988610875255786628e-02
2.061560353778411903e-02
1.657966321468674897e-02
1.730362915578857394e-02
2.148652818804543119e-02
2.034173087625588267e-02
1.963203332729464290e-02
2.003686786613078502e-02
2.069516341072334328e-02
1.892048063938127703e-02
1.844339054919537368e-02
2.039169051019536216e-02
1.804325444476993778e-02
2.081650551142894337e-02
1.659483279152431864e-02
2.205831127465128841e-02
2.094519496482608739e-02
2.051205946862775034e-02
2.196538196789102684e-02
2.333094888892515290e-02
2.202874013003626105e-02
1.631825153733670875e-02
1.744084606652859804e-02
1.875036284460864303e-02
2.005218210042166924e-02
2.103531804093824661e-02
1.854851237369306918e-02
2.037353352895415748e-02
1.848923413529335660e-02
1.877696439401610462e-02
1.718667780630355607e-02
1.815353350777819050e-02
1.729663078876733304e-02
1.804825349404533610e-02
2.210728359321567985e-02
1.810120222233611506e-02
2.526476412967478338e-02
2.098663580176177851e-02
2.036967224738974944e-02
1.828328443963757322e-02
2.140061975881798334e-02
1.884872434752445092e-02
2.024401962929072221e-02
2.512016907653758999e-02
1.980788020055070098e-02
2.229854665257135354e-02
1.859364714974822558e-02
1.993002301900607606e-02
2.354160127127102181e-02
1.874606588442446695e-02
2.362489711599385922e-02
2.141550387091094992e-02
1.887506644821146384e-02
2.126481547811104322e-02
2.194510889925346125e-02
2.124361992443439193e-02
1.685955056021908732e-02
1.854572564835026138e-02
1.950496272889699206e-02
1.985113314179990859e-02
2.124134419510135749e-02
2.035540200186650855e-02
1.732931128257979639e-02
2.076039570201192522e-02
2.122117149056764601e-02
2.111958089586208134e-02
2.216156145110924347e-02
2.166784430909780845e-02
2.091836015845687305e-02
1.985966857708270500e-02
1.667807813296801750e-02
2.085923643826517043e-02
2.041537537432622229e-02
2.054315767439074750e-02
1.744650284835938189e-02
1.783788691918347658e-02
2.210630570666580891e-02
1.992088969228669043e-02
2.136300139474524989e-02
2.005663675226092291e-02
2.005951227899149120e-02
2.187656761195199556e-02
1.896791054356525286e-02
2.019224155388196773e-02
1.907544942258991572e-02
1.913100754513536936e-02
1.938165575306272093e-02
2.044426754326742618e-02
1.904250275667304648e-02
2.251151225114704155e-02
1.821078539556099385e-02
1.962625671167728125e-02
1.912053788345165206e-02
2.289395576870746629e-02
2.039310955302315112e-02
2.206368907893727083e-02
1.702887925392605750e-02
2.053410053173851738e-02
2.177926159124687552e-02
2.016456797855084929e-02
2.213096075013070221e-02
1.896542309979925428e-02
2.281869488037115840e-02
2.459779624723850214e-02
1.927432287912068248e-02
1.910899495719845659e-02
2.290676895423540346e-02
2.315914429146142400e-02
1.895427994569346547e-02
1.915962636580828549e-02
1.943643078227898571e-02
1.731109897793144808e-02
1.816269610703160481e-02
1.799171846649586654e-02
1.846440486979174234e-02
1.993063022522643946e-02
2.046842946507304237e-02
2.310100098562815549e-02
1.800329191852241897e-02
2.196864479695316910e-02
1.957202231154898248e-02
1.990107258069513316e-02
2.134963898433320934e-02
1.775455595687540356e-02
2.076481949236810148e-02
2.033290441642611121e-02
2.098490252801629707e-02
2.057833728781563801e-02
2.491060027982178876e-02
1.872452003149736866e-02
1.893800608999636481e-02
1.875371894715047172e-02
1.888904576167949045e-02
1.872522574538696555e-02
2.237803306221510316e-02
2.284100849597971161e-02
1.885850741250104726e-02
1.833528885379154261e-02
2.094283111277280701e-02
1.889555391143805940e-02
2.126586363551102171e-02
2.040584604170260150e-02
1.696851177000553712e-02
2.309501040266012314e-02
2.359175534619104356e-02
1.877442261903122800e-02
1.922459688012803300e-02
2.057173078144981099e-02
2.066891357997405199e-02
2.131708854534566239e-02
2.402040907753269852e-02
1.964610554501190071e-02
1.840340551092309318e-02
1.724136154397094486e-02
1.853813992011616243e-02
1.993374605425240684e-02
2.358911572703557488e-02
1.896477740192765646e-02
2.044757590327779886e-02
1.996715420785449488e-02
2.237678654689616992e-02
2.505386485174724426e-02
1.893826245415936027e-02
1.902112111496355451e-02
2.208832175413814533e-02
2.136378297925262473e-02
2.369341465147206671e-02
2.116785637065192807e-02
1.928141581842588229e-02
2.118130966138461954e-02
2.221740716116581485e-02
2.164096436239472745e-02
2.101454806221459554e-02
2.213334937917830689e-02
2.233859118089134496e-02
2.276431798207505589e-02
2.129741977517928680e-02
1.966576383936629105e-02
2.029342737286664658e-02
2.241301793301671286e-02
1.836612865802552882e-02
2.073734661774580268e-02
1.921332237534528059e-02
2.005748964586963681e-02
2.255690372521459638e-02
2.038219813603980857e-02
2.009287309631229909e-02
1.728028771804016039e-02
2.149250713205444127e-02
2.129096836228215259e-02
2.432650944661092149e-02
1.938444353009399768e-02
2.043830065532787829e-02
2.049876736742151095e-02
2.315490655952694848e-02
1.980940893522609506e-02
2.055804305154067951e-02
2.121579301943308030e-02
2.037321824631271525e-02
1.910713277089894427e-02
2.038817998579661728e-02
2.214726349971954389e-02
1.794696940117787923e-02
2.026593934829375165e-02
1.859975837012165303e-02
2.239009325784968585e-02
1.695362619043245048e-02
1.888215630545682366e-02
2.075442375012904322e-02
2.313104805846868256e-02
1.986849947785402498e-02
1.888960094661360292e-02
2.376231413888118052e-02
1.710397219916751088e-02
1.560238808675983718e-02
2.088002890010666468e-02
1.899589155129477805e-02
1.795753436573857553e-02
2.141671289459870856e-02
2.048760142754239844e-02
1.887184273852654526e-02
1.743939120265821166e-02
2.174491465656028938e-02
2.130040235591732292e-02
1.980164827244123432e-02
2.369327399209533030e-02
1.785983046734769542e-02
1.694894965815052154e-02
1.861618386023751112e-02
1.990882796728900631e-02
2.048667889864538502e-02
1.951752788428734106e-02
2.070411079302859544e-02
1.749692115161911171e-02
2.288752920814651759e-02
1.983569764321486267e-02
2.223459166317625496e-02
2.068545069275540965e-02
2.091350643830756917e-02
2.113953456046440901e-02
2.089541712003463100e-02
2.128544551973508836e-02
2.265830506026486266e-02
2.039304233940293989e-02
2.141800751517702536e-02
1.982052861142554606e-02
2.288023443089894776e-02
1.864721539588146126e-02
2.360188086582163183e-02
1.991968409871131343e-02
1.713844979576390273e-02
2.025620882982157728e-02
1.863789668505023978e-02
2.168128709797744955e-02
1.869475204139521909e-02
1.910763313357044177e-02
1.622091853810894019e-02
1.909538736150184768e-02
1.515224134674208675e-02
1.683219435302855255e-02
2.152082931228859602e-02
2.157160031730166391e-02
2.085091512356992971e-02
1.806604771374157453e-02
1.990457728771604165e-02
1.999279492181886206e-02
1.768327062161491325e-02
2.300679660353430189e-02
2.175472458115134192e-02
1.955807165234067085e-02
2.005377167798906221e-02
2.041676561589510566e-02
1.591653026315141897e-02
1.950564523495880789e-02
1.863603150400440500e-02
1.799675998021017104e-02
1.943779941422809146e-02
2.359537305369904456e-02
2.128168572253402030e-02
1.885764202043440502e-02
2.114516556271231820e-02
3.559742174634400458e-02
3.369853473165107527e-02
3.023852147968069531e-02
2.741225288917770175e-02
3.279289325445435693e-02
3.157394154168699507e-02
3.358077288011093037e-02
3.254068720672787657e-02
3.419821086127734083e-02
2.785905915375772729e-02
3.526957626253730133e-02
3.079039841876959893e-02
3.830104349050106327e-02
2.724324872764172928e-02
3.694385521266099759e-02
3.079164313385059082e-02
2.739432798554220644e-02
2.806445666378271087e-02
2.871861076722271797e-02
3.169666378560766218e-02
3.209134195214199958e-02
2.770519998424568475e-02
2.990258163095606617e-02
3.856908143444745529e-02
3.691017268040284321e-02
3.174529467869612737e-02
3.015201391267280026e-02
3.048012530687304461e-02
3.245407189092166383e-02
2.590882973920637794e-02
2.897049385030661672e-02
2.332566370448964019e-02
3.159689249042111486e-02
3.258878375881096162e-02
2.806725415080250224e-02
3.629594705316013109e-02
2.509693734799063256e-02
2.414250047916071881e-02
3.089780727423988710e-02
3.418839321044861435e-02
3.673571076583147244e-02
2.816446294852423954e-02
3.431472333372517780e-02
2.984596612199717086e-02
2.930949080023672118e-02
3.353463974994668612e-02
3.260929151365368067e-02
2.369443137206300037e-02
3.590616139890358272e-02
3.552036541658980251e-02
2.749774919396187969e-02
3.158321413374963471e-02
3.197612074513095370e-02
3.104269506329562778e-02
2.779877938461831899e-02
2.731350652824779401e-02
2.989778371603421872e-02
3.469091607703745500e-02
3.217440061837772980e-02
2.851754267165557480e-02
3.308679484259337972e-02
1.860582951747969532e-02
3.459506280148841317e-02
2.304114488488760021e-02
2.855023623438747091e-02
2.552132042149542202e-02
2.482127409711637478e-02
3.464330714951407986e-02
2.812919519475243213e-02
3.138601552692286273e-02
2.981231768448326311e-02
3.190816330889248431e-02
3.030728756424102069e-02
2.486803110324571978e-02
3.398506727778855679e-02
2.802497366735474948e-02
2.377367240536099394e-02
2.828753935613635001e-02
3.600303916253724118e-02
3.340088696845396748e-02
2.860539146236856095e-02
2.860296918272628441e-02
2.871345979513046862e-02
3.830699193424336180e-02
3.152774180892621569e-02
3.172016658876427447e-02
3.412113381612736501e-02
3.095515663610605428e-02
2.896383141671718744e-02
2.921460060366008749e-02
2.971359496234374231e-02
2.985111105396063419e-02
3.291051817454791750e-02
3.020778354322919620e-02
3.293056030886231528e-02
2.967713367956566900e-02
3.031454076126436151e-02
2.200719726187156874e-02
3.366531069880992350e-02
3.138595390359197324e-02
3.399204043943861164e-02
1.841497848722524130e-02
3.835349881912290815e-02
2.944164148737930461e-02
3.443273126695006736e-02
2.584037629149787615e-02
3.245109562025028094e-02
2.578633774730537329e-02
2.750492415721677783e-02
3.765612541546714542e-02
2.923727039694661370e-02
3.086973149271889094e-02
3.348027092275501770e-02
3.198272755189041777e-02
3.060167562057430554e-02
3.145984400986490126e-02
3.961366234095309996e-02
2.976952481186565663e-02
3.080439618685986911e-02
3.420261758403044666e-02
3.442210373183193783e-02
3.474812122224151673e-02
3.255492088811673401e-02
2.542798034907806440e-02
3.653372612920438578e-02
2.541461842792524725e-02
3.121054186095613067e-02
2.698289659992256576e-02
2.974344661362803011e-02
3.131504964121391982e-02
3.128542886180109284e-02
3.168768301694113720e-02
3.645484507623458770e-02
3.181413720605592160e-02
2.902337345883740372e-02
3.385634867315343022e-02
3.475788195569855937e-02
2.508956873945202698e-02
3.238960027939943170e-02
3.280469096924359257e-02
2.880974598656003277e-02
3.550282725324648003e-02
2.939977765186989334e-02
3.050230581388616719e-02
2.930771270286451971e-02
3.006231619032586830e-02
2.561489965241919159e-02
2.423979646962282075e-02
3.637802025289988556e-02
2.661215460672668870e-02
2.603443060217476915e-02
2.138643954558513971e-02
2.744415300924199150e-02
2.470764082637000661e-02
3.656806064054547722e-02
3.403926835737053347e-02
2.724739861928910517e-02
3.900974322137723549e-02
3.392706194796637348e-02
2.870067446596550817e-02
2.000237714050570603e-02
3.916377029036297031e-02
2.444171013294561476e-02
2.341840501217243298e-02
3.409028172803856005e-02
3.975900962535709043e-02
3.553709127404207357e-02
3.225563648020943891e-02
3.237901736666114194e-02
3.341366223512123174e-02
3.303571435914706006e-02
3.112476569587750361e-02
3.041680441580750169e-02
2.974962748840190990e-02
2.698414164453329447e-02
2.887729969253290119e-02
2.322817274321845732e-02
2.960664149282099880e-02
2.604563557139633057e-02
2.558564273113691362e-02
3.071957660461391293e-02
3.556800914537839448e-02
3.367326642400925163e-02
2.371799758550728957e-02
2.604148745371864804e-02
3.376308475195285985e-02
2.607005042584676149e-02
2.910146740001190099e-02
3.220020839609820384e-02
2.612662218054545571e-02
3.042150202458383801e-02
2.466389802032718098e-02
2.759452942419514387e-02
3.127912773657014894e-02
2.362802506587332110e-02
3.176189895184159534e-02
2.992144880429327414e-02
3.220995981766858890e-02
3.089565653625864564e-02
3.545656171989537697e-02
3.050089801059162678e-02
2.828237783549898687e-02
3.048919001212913385e-02
3.217319211614554780e-02
3.019544028130281485e-02
3.016236676481552983e-02
2.719203324877297878e-02
2.734839632979620475e-02
2.438957891280122553e-02
3.699830697274775898e-02
2.502454705843485880e-02
2.722837920881637092e-02
2.712637093772320845e-02
3.357969750777776291e-02
2.882020128683188825e-02
3.499096829069493764e-02
2.730603750302452309e-02
3.111597664889520498e-02
2.665861178696097081e-02
3.858059651109355115e-02
2.524960632388194640e-02
3.123928284090810720e-02
3.253510752372839460e-02
3.165519638980598960e-02
2.925884936448916451e-02
2.948071720106629559e-02
3.017524588791643814e-02
2.941199199348604534e-02
3.385551646717963742e-02
3.884209200636540293e-02
2.777003285996866577e-02
2.452078808168368929e-02
2.964687180659498003e-02
4.031883735061727453e-02
2.678530172812107479e-02
3.655646722177626623e-02
3.671080325630576152e-02
2.778564703316802054e-02
3.227593231674109886e-02
3.651358649251415511e-02
2.848348903605004909e-02
2.918567855959055060e-02
2.767327634420542470e-02
2.594097307722853171e-02
2.740288981973596980e-02
2.510423893295097436e-02
3.013633387303690445e-02
2.692010707576543080e-02
3.093514364716298815e-02
2.377641741518549123e-02
3.132352092885782452e-02
3.333411584643569681e-02
2.202505742971417463e-02
3.149622627939029085e-02
3.491067596989316790e-02
2.516143592523517603e-02
3.669028954735081144e-02
3.167607603746418199e-02
2.717995257696636385e-02
2.977692368936917314e-02
3.223330765008688981e-02
3.030402156564964561e-02
3.215502396978547894e-02
2.631730562768253359e-02
3.067744329614430915e-02
2.434514201238007630e-02
2.955509575460519775e-02
2.638436943414083913e-02
2.705788022964093070e-02
3.494437270084174707e-02
3.436524048237707407e-02
3.243655248362870697e-02
2.563074894130968479e-02
2.873436620122079080e-02
3.485239079991673400e-02
3.056686765455961935e-02
3.927731815992677178e-02
3.157327135757748843e-02
3.076819646596012578e-02
2.876353414318999491e-02
3.053416361912912949e-02
2.939012065447782485e-02
3.283243470675436398e-02
3.382680926717833436e-02
2.685604215796820113e-02
2.467506818576888777e-02
2.265517850758681090e-02
3.203196530765017175e-02
2.558653357530450353e-02
2.138843762819006566e-02
3.155431441812385496e-02
3.997199806973115999e-02
2.997571635384042518e-02
3.335396309780656876e-02
3.032731743419025960e-02
2.960444138723542992e-02
3.367630593195107547e-02
2.883890182324539211e-02
3.106956925628761093e-02
3.128679122478405378e-02
2.732763818542780290e-02
3.396816939814609193e-02
2.930016097321836571e-02
2.697701936202862028e-02
3.214603937428161390e-02
2.640612807283584940e-02
3.011272462947651302e-02
2.996352401342318450e-02
3.434358226332630964e-02
3.189879293151980794e-02
2.989989216501942257e-02
3.327106519680114727e-02
3.556083019606925272e-02
3.223124122540745040e-02
3.004141047937352108e-02
2.475265507059936157e-02
2.573954534769850797e-02
2.877910118258132990e-02
2.756195119136286772e-02
2.925211478805821511e-02
3.022659969958842868e-02
3.211877101742692531e-02
2.971800488776363269e-02
3.194600657530480975e-02
3.025789765924048053e-02
2.209813373458451372e-02
2.624265842472498292e-02
2.942364977711353635e-02
2.516122102863557058e-02
3.239971491998482056e-02
3.612300332937479208e-02
3.487504740678926823e-02
2.914622851627916844e-02
3.596290454739980991e-02
3.059466982880844343e-02
2.865165611552784181e-02
2.754638934583623910e-02
2.879012125404748629e-02
2.844729272583508550e-02
3.068166488950194865e-02
3.064229592419945650e-02
3.001218408061365542e-02
3.174775267898539977e-02
3.476258509914536415e-02
3.379821654176529133e-02
2.406040812620038535e-02
1.978431546039217948e-02
3.373727964495709664e-02
2.453248520633831420e-02
2.910093839242926597e-02
2.531954789576255915e-02
2.279207824967991944e-02
3.216585091281914943e-02
3.303662064121058728e-02
2.769395839709311996e-02
1.963583083142035959e-02
2.781502220699006919e-02
3.156721602161018797e-02
2.408435372490348378e-02
3.073343967911662186e-02
2.993876060330801642e-02
3.231716599840435411e-02
3.047832147365661312e-02
2.610772423647377688e-02
3.478628600665796544e-02
2.936588170789211985e-02
2.989078184196027055e-02
2.626692816370721634e-02
2.822687099523395887e-02
2.646078914389239645e-02
2.930821576030630607e-02
3.684683392056937318e-02
2.451239542827457485e-02
2.354575440849303314e-02
3.588468130997443661e-02
2.916270529139253567e-02
2.732370904536033165e-02
3.415961874958430705e-02
2.757753784105254277e-02
3.730403885418774601e-02
3.271170348535707567e-02
2.804835436741718799e-02
3.862923285306200938e-02
2.757714030798664659e-02
3.296838148803722668e-02
3.119717032162596521e-02
3.520696515759519363e-02
3.624604478690741233e-02
3.012801659626306375e-02
2.698632851861526571e-02
3.183988857175646531e-02
2.728913852099157378e-02
3.805354899010648939e-02
3.054614132433094986e-02
2.853871379475156345e-02
3.073872122345963284e-02
2.461149484188121170e-02
2.611354384595739389e-02
3.480165563177770038e-02
2.737242288411441404e-02
2.581235606927224230e-02
3.214661101010914124e-02
3.474281661865198656e-02
3.287581324266026367e-02
3.398419074322326511e-02
2.697281964572215487e-02
2.431275733303262312e-02
3.600533460782194550e-02
2.870928064463145607e-02
2.899666793417981017e-02
3.531277656739623128e-02
3.222492003760264040e-02
3.182355108832642804e-02
3.866000937960433620e-02
2.742592707847942707e-02
3.371136051232494907e-02
3.022805249958833776e-02
3.107436911545302660e-02
3.611387370565012633e-02
3.203134302515849713e-02
3.215318431619853395e-02
3.429002934923920665e-02
2.854018908182845773e-02
2.664316133064397255e-02
2.582076322391586506e-02
2.213457364249599157e-02
3.822482851976129192e-02
2.558716653711326505e-02
2.911498550565691165e-02
2.889274680044431540e-02
3.122962679123640270e-02
3.326294885015718822e-02
3.344189395343898086e-02
2.766769024572424476e-02
2.933151314485435424e-02
3.113031980195319834e-02
2.900523549526581174e-02
3.642938230407996580e-02
3.196389980655300195e-02
3.293951114419926829e-02
3.265152507466964615e-02
3.469389542994130021e-02
3.072408623481482498e-02
2.481267220817661226e-02
3.159875180701056385e-02
2.739457242483268190e-02
2.788553327300097306e-02
3.234545607502037345e-02
3.495313228573454500e-02
3.008508630694424479e-02
3.123533205039585522e-02
3.680885977854095326e-02
3.096301271795427051e-02
4.040673245672157798e-02
3.226203858252617296e-02
2.295694896337672694e-02
3.301336648441812599e-02
3.152463353953111058e-02
3.515901101633098214e-02
3.269272540507982966e-02
2.944617606406490368e-02
2.510280705484253458e-02
2.916390697085589900e-02
2.659791818316279907e-02
2.767790620078110914e-02
3.235431361768243558e-02
3.667961801740562272e-02
3.157868611929192521e-02
2.521646775185926170e-02
3.177841067288056376e-02
3.478652594658260266e-02
2.756086838272247055e-02
2.946393133330832761e-02
3.005875277891678632e-02
2.686040674767103953e-02
3.259312173537543683e-02
2.951620740556887279e-02
3.167812977562810967e-02
2.645003128879159712e-02
2.825016679870635816e-02
3.288952543131108686e-02
2.850866739163293237e-02
3.690785540493361772e-02
2.840145525754159128e-02
3.089873890300754225e-02
3.373036332749235894e-02
2.432653706826787277e-02
2.295676475207689485e-02
2.389737474171961876e-02
3.505033641370872838e-02
2.779256741643021042e-02
4.023279714267300605e-02
2.774300960537044378e-02
3.073820521278814583e-02
3.616843981027149935e-02
3.802437155263649338e-02
3.824601430654558931e-02
3.483346492237256870e-02
3.409625010324585093e-02
3.237010779680472849e-02
6.778361076166637689e-02
5.448814283671466613e-02
5.181801116577692407e-02
5.996625542589047869e-02
5.829815377475071336e-02
5.546771950672724216e-02
6.696387447456715603e-02
6.955305208570509989e-02
6.088406886291847231e-02
7.477530081055261402e-02
4.858310885866494455e-02
5.806340540720281856e-02
5.283177679397194765e-02
4.133463382926939877e-02
5.917319314157300225e-02
5.878252491616716563e-02
7.513449743242131551e-02
6.630811684554777097e-02
4.975813175670795035e-02
7.854092566334187897e-02
7.221033695525352902e-02
6.582097703468615946e-02
5.773515901150167579e-02
5.040560763276519946e-02
5.627793223928946598e-02
7.088748619704185461e-02
7.884586305934608574e-02
7.543243528272189358e-02
5.511150578213725587e-02
4.880382566710988329e-02
6.140886246911203550e-02
4.231560634437148138e-02
6.323167714184781130e-02
5.852397413701330986e-02
5.533963498131757447e-02
4.405296932733204773e-02
6.513600106569716885e-02
5.467299160338088410e-02
4.830083164289711295e-02
3.127737786718350066e-02
5.972485094949363249e-02
7.772251596669743634e-02
7.661259214547869179e-02
5.542903743413728213e-02
5.397787939638219040e-02
6.468774256075023044e-02
5.001614560811708243e-02
6.301791899819465803e-02
6.766080278384689617e-02
7.226933223884307589e-02
5.899845923520047331e-02
5.796326249823034044e-02
5.122017413243439010e-02
5.173119645960139873e-02
5.773521108098472743e-02
6.367365506816177745e-02
6.913584626233248986e-02
5.196821049319654690e-02
7.492688568959521289e-02
5.728876398957431088e-02
5.978632705651563961e-02
5.252788320852176673e-02
3.575759739727057962e-02
6.884045396361049285e-02
6.736843897092432976e-02
5.718672442881786444e-02
6.066990717224871738e-02
6.515939217704098951e-02
4.437454143113456900e-02
5.470947322653704759e-02
6.794264679621826730e-02
4.745710576830750038e-02
6.293557932166629620e-02
4.643418195376594615e-02
6.466429982433526125e-02
5.964358517702516432e-02
4.384868184094490445e-02
7.164739354457171083e-02
5.265408423201950461e-02
5.189747562985618651e-02
6.200569197230942908e-02
7.148637349428714483e-02
4.984178181021602788e-02
6.061679849847971535e-02
6.428816500330572503e-02
6.693105607263144519e-02
6.176441555277224771e-02
5.632972160916677185e-02
5.172409779351280074e-02
6.086143883046374325e-02
4.927860988014393095e-02
3.078649516505392245e-02
6.436559804157668263e-02
6.903934841086195595e-02
3.637067564458161539e-02
4.990269295290061802e-02
6.619154261005197326e-02
8.057495469711697944e-02
6.020793707675407835e-02
5.271997058770865052e-02
5.817103558895159870e-02
7.374876419148185258e-02
5.354035820875464174e-02
5.200807993349745861e-02
5.517256477817967381e-02
5.046671391741287815e-02
6.122670315994795109e-02
7.624678458469560938e-02
6.323079273116029297e-02
5.747646497873712401e-02
5.708188731084455625e-02
4.436809191303342503e-02
6.883109777147158881e-02
5.922162802987197827e-02
5.819520086409374349e-02
9.193107567844860384e-02
6.298752908365685965e-02
5.248208949904815263e-02
5.573642403794456385e-02
7.148445709196754594e-02
6.113270410537764016e-02
4.561722021682633466e-02
6.919228934575202827e-02
5.331855914461006152e-02
7.873297776217545729e-02
7.080048065714648897e-02
5.552678104341248616e-02
7.281016361735112574e-02
6.067855510527402768e-02
6.852773675122218744e-02
6.484732817294475149e-02
5.153643345009126242e-02
5.356450167682537400e-02
7.029960817581161481e-02
5.665224667893459243e-02
5.596351536758002732e-02
5.044877420650646649e-02
6.423599065593460500e-02
8.062524919243144184e-02
4.932467085745727287e-02
6.024219456672758044e-02
7.412220555415428846e-02
5.920358608754284352e-02
6.452371796249734004e-02
4.937606471853120405e-02
6.428307097207648646e-02
5.812855734995450718e-02
6.985729995679862414e-02
7.187386051564750855e-02
8.589563642018613332e-02
6.579633173213575437e-02
6.325796316582166234e-02
6.194384301577336022e-02
5.646833707189311685e-02
6.338483843461691081e-02
5.704598589860970098e-02
6.168460976269614371e-02
7.317597535607960058e-02
4.993457434720358773e-02
7.139878561129045509e-02
7.317115067339864665e-02
5.881931473008920885e-02
3.878145100991405025e-02
5.392178012905567142e-02
7.296994546561108574e-02
5.977131937701117559e-02
5.000697767705088864e-02
5.495225078771782262e-02
6.840620026504552753e-02
6.546733568201379416e-02
5.761067900830305760e-02
5.633175588185312249e-02
5.608241850956177665e-02
5.077589815501497295e-02
7.615375689469441878e-02
5.677679530788659612e-02
7.217158520825496526e-02
7.521316051922451174e-02
6.998310898147960812e-02
5.568379687281951179e-02
6.403730090336609559e-02
5.975804393609083359e-02
5.096298139269871824e-02
6.324359281721603221e-02
4.820960208840197048e-02
7.187679388461563901e-02
5.535382702701606428e-02
6.201159655872839210e-02
6.283287871546142100e-02
5.741095026295922610e-02
6.586693801475274057e-02
5.525096343377475239e-02
6.871297297457243380e-02
4.654020319753251339e-02
6.126379579546411408e-02
7.938928999058283975e-02
4.999668675394425277e-02
5.322255029475148058e-02
6.513907849658914784e-02
6.179581781939597757e-02
6.350630099273558982e-02
6.489187130147663907e-02
6.634721468561770308e-02
7.109699841956222677e-02
6.409818656928512048e-02
5.758742345381457489e-02
6.672573701202731689e-02
7.899881934895215674e-02
5.867366253617425920e-02
5.025470695329357917e-02
7.107080669286972019e-02
5.879618836046401203e-02
3.827330453985963721e-02
6.847421677150421215e-02
5.464671814046077186e-02
5.909466717695838894e-02
6.331980330569014770e-02
6.190499679779066372e-02
6.709451817139039376e-02
5.564513629430156705e-02
6.513105798176083150e-02
5.740453322416082249e-02
6.738810480887502674e-02
6.615367484013053023e-02
5.064561297955404162e-02
7.085982116175032486e-02
5.464036554885951663e-02
6.808057798281144657e-02
6.367287313401340243e-02
7.838183676795122679e-02
5.776534017628147388e-02
5.650683203881802508e-02
5.980580394112267051e-02
5.696820217165724648e-02
6.799941901942049838e-02
4.383689391563411891e-02
4.946317580853645812e-02
4.932197078420806624e-02
6.950307591973575727e-02
7.710613372581925917e-02
5.895550781462528117e-02
5.831178276809988875e-02
6.070052163113181382e-02
7.161878302608190583e-02
5.072646865809425643e-02
6.238368982734784907e-02
6.975197629782430020e-02
6.501094169939844458e-02
6.189581616598743147e-02
7.001046092567141110e-02
3.296767707000762548e-02
6.677875319530907072e-02
5.345924316872575910e-02
4.169367103143542530e-02
6.511202599524980317e-02
7.373658545162957434e-02
5.862551485372308191e-02
6.952874547202939071e-02
7.612278257988644437e-02
7.314914453584046850e-02
7.639964529371393032e-02
6.742127491071892020e-02
6.075433638901592270e-02
4.398034188102831199e-02
5.753937511870051147e-02
5.156753404683808023e-02
8.170942717497814423e-02
5.824114187567663165e-02
6.123204806784485199e-02
6.551485376040466768e-02
6.043602446372453585e-02
7.695051040430753164e-02
5.377350638265547544e-02
6.194607455237242238e-02
5.257529414301951448e-02
4.679977488779293870e-02
5.388230909094714194e-02
5.962963202951587771e-02
5.570697775482739977e-02
5.307579020126143576e-02
4.593682536328165533e-02
5.916894427371305332e-02
4.495279625968997411e-02
6.760055963689602654e-02
6.082439752934502841e-02
4.542448500535069267e-02
5.690790922950136194e-02
5.247843594409416779e-02
6.319174510419180157e-02
7.340450446023144560e-02
4.124827530354255312e-02
6.115026079147416888e-02
5.839867204433359105e-02
6.671340076450466006e-02
6.213196628237688951e-02
5.248030668261180476e-02
5.680946064333381590e-02
5.203974143196510305e-02
7.076007138598598700e-02
6.021311648671941880e-02
7.901190685753006759e-02
5.939339186185379343e-02
5.291593233089537246e-02
4.486285607387172775e-02
4.196860323744054655e-02
4.415864056994510400e-02
6.267126651011482863e-02
6.508725023229933182e-02
4.418809297967866284e-02
6.895038314076115671e-02
5.516938948316560398e-02
6.146793011985549060e-02
7.612220628255424171e-02
6.896839315865531395e-02
5.731469352094167163e-02
5.108807774584712275e-02
3.848184598670695289e-02
5.280846680757579625e-02
5.788869761172305006e-02
5.012820472848815434e-02
5.868743032907695195e-02
6.076851882958767687e-02
5.775144018191920997e-02
5.349997419176540092e-02
6.168654671966727204e-02
6.441940649569408150e-02
4.909600922557153663e-02
7.410932379746269782e-02
5.901411867715738307e-02
6.018849622944847516e-02
6.708214423256557424e-02
6.233216131263501214e-02
6.953136633913245546e-02
6.287124165201823933e-02
5.387562625359561957e-02
6.361503525206101128e-02
4.856273792679337981e-02
6.108559705776522852e-02
5.966770009355538973e-02
5.791883142727460160e-02
5.871462488561068893e-02
4.118150954502360767e-02
5.451275092259038474e-02
6.092844901141114544e-02
6.159856391997400177e-02
4.972324859074041259e-02
7.265707840864700506e-02
5.133825151785498947e-02
6.969457200526736618e-02
6.427194361871685357e-02
5.353772690156196473e-02
7.775310892609511859e-02
4.806363168243520112e-02
6.919154173610000957e-02
7.000582318042977703e-02
5.329379790923354648e-02
7.392465300064328393e-02
5.749953485401047143e-02
6.288693629279856756e-02
6.260321838771221170e-02
5.865691258529451974e-02
6.810808273159782433e-02
6.793488720552212645e-02
4.251468026761819063e-02
7.304340242878151757e-02
4.337508011964325005e-02
7.032546204341656726e-02
7.126705136827582443e-02
4.909033569784801432e-02
5.589185712045414978e-02
4.894295331514064012e-02
5.785078969711264507e-02
5.691965715814258781e-02
6.779660532269339568e-02
7.310308746119607848e-02
7.395683810789956125e-02
5.437831973421697329e-02
5.790778126255471947e-02
4.316561807779049909e-02
5.194129933503811164e-02
6.964851633097457473e-02
7.615582823548230906e-02
4.765651128120077656e-02
5.407535740847105310e-02
5.973594243041072810e-02
6.280161158819606848e-02
5.190396480078353358e-02
6.424061044464089709e-02
5.526160652929083816e-02
5.985547729121720728e-02
6.546284248003698958e-02
6.006422269810937631e-02
5.563614109473431074e-02
5.890390196074168916e-02
5.911637040794664316e-02
5.629988970117871805e-02
5.741203937332897689e-02
7.598647170504715942e-02
6.560919447941238047e-02
5.704519681970839085e-02
6.696954404510735426e-02
5.666180510243989943e-02
7.173124637586640595e-02
6.369642192198093911e-02
5.892697855995771006e-02
6.447716925810277611e-02
4.429123847931500102e-02
4.873232531090194303e-02
4.806074993600944339e-02
6.142943094763706618e-02
7.732514999485091967e-02
8.231300146192632727e-02
6.638051101440757551e-02
6.500844474944456053e-02
4.198942265847260824e-02
5.457326200265977950e-02
5.212216248091761095e-02
5.379152401748883705e-02
5.831856181415210477e-02
5.527909422302872133e-02
4.020700189624212134e-02
6.747910256117534145e-02
4.927256974260193351e-02
6.239246864111148982e-02
8.074082669749974017e-02
5.080615408413576006e-02
3.469712477253669713e-02
5.713995778119888846e-02
7.100959634998571524e-02
7.958347454220593420e-02
4.770450405547582706e-02
6.496699223236521159e-02
5.534689543219946384e-02
5.894051645695864289e-02
8.644343347017034718e-02
4.497029671604846346e-02
6.253739661494572832e-02
6.467693171765433180e-02
7.085786324939347125e-02
6.097983153470894896e-02
6.308050539504102272e-02
5.608351432578208284e-02
6.269126941245106721e-02
5.656807724502588980e-02
6.621571889856051052e-02
5.630389663956365809e-02
6.377100393902186692e-02
5.970737186315021316e-02
7.126050250772167360e-02
5.948606276411513849e-02
4.226967531793118793e-02
7.261921500713991451e-02
5.094267699137380867e-02
5.346233661351179611e-02
5.404338705956507338e-02
7.374438093170816721e-02
3.864325786021303999e-02
9.137748533659993677e-02
7.056056809066051094e-02
6.223238914129159555e-02
5.945105999383713119e-02
6.285554074857656326e-02
6.521122428379337588e-02
6.645215585950056680e-02
6.555604466003447928e-02
6.089580681255248734e-02
5.802661579692673655e-02
5.848726716346488302e-02
5.805091719647318543e-02
7.133770096867064758e-02
6.593556722280861926e-02
3.059611365335719591e-02
6.655900776529760643e-02
6.194736194718774430e-02
5.981291243554102272e-02
5.611481546911113727e-02
7.124112719986012976e-02
6.947526462122857738e-02
5.227122332176390579e-02
6.407052287124534451e-02
5.028343265458713740e-02
4.620381835211069543e-02
5.373282775410034851e-02
6.862393472382757875e-02
6.953125045376086499e-02
6.513085420097292078e-02
6.725095786847996859e-02
6.516178287114958445e-02
5.358518404777047606e-02
6.431922544673940312e-02
6.800409525227682495e-02
6.754291329813573441e-02
7.188913371474642267e-02
6.708303847201063652e-02
6.351448207541582347e-02
7.070150238316427749e-02
5.973478740750939875e-02
5.118125348772281646e-02
5.836933036056236174e-02
5.255097355193550507e-02
